time,interval,name,stressLevel,submission
1488899533,first_of_day,Ben,1,Getting Started
1488900770,00:20:37,Ben,1,Botswanna
1488900775,00:00:05,Ben,1,Nincompoop
1488900782,00:00:07,Ben,1,Thirst
1488900788,00:00:06,Ben,1,Grunge
1488900796,00:00:08,Ben,1,internet
1488900803,00:00:07,Ben,1,gorrrrrnnnnn
1488901523,00:12:00,Ben,1,hadhfhadfhadf
1488901528,00:00:05,Ben,1,thahtahdhtshad
